Debit = 1000000.0;
Nstations =6;
Nacq= 97;
SizeAcq = [14798971,14798971,14798971,14798971,7399485,14798971,7399485,3699742,14798971,3699742,7399485,3699742,3699742,3699742,7399485,7399485,14798971,14798971,7399485,3699742,7399485,3699742,7399485,7399485,14798971,3699742,14798971,7399485,7399485,14798971,14798971,7399485,14798971,14798971,3699742,3699742,7399485,3699742,3699742,3699742,14798971,3699742,14798971,3699742,7399485,14798971,3699742,14798971,3699742,3699742,7399485,3699742,3699742,7399485,7399485,3699742,3699742,3699742,14798971,7399485,7399485,3699742,7399485,7399485,3699742,14798971,7399485,3699742,7399485,3699742,7399485,3699742,3699742,3699742,3699742,14798971,3699742,7399485,7399485,3699742,3699742,7399485,7399485,14798971,14798971,14798971,14798971,3699742,14798971,14798971,7399485,7399485,3699742,7399485,14798971,7399485,3699742];
DateAcq = [-653.6611096858978,-2123.910989254713,-10565.550459057093,-7980.296426475048,-1949.4555150270462,-4850.610276222229,-653.6611096858978,-5011.061945796013,-1906.3122970461845,-4992.928493499756,-4830.305129230022,-2024.8922154307365,-8003.5724157094955,-5021.143378973007,-5095.982988834381,-1957.9386893510818,-1974.4991272389889,-5013.063598513603,-4992.928493499756,-5017.44381582737,-5019.423681378365,-7741.920912772417,-2028.7767965197563,-1908.4402858614922,-742.6610425114632,-10729.757503092289,-2077.8739443719387,-1893.907152146101,-4843.447313249111,-4992.928493499756,-10565.550459057093,-7807.7118537425995,-5017.44381582737,-4906.395375192165,-12709.381263285875,-2123.910989254713,-7846.697432219982,-5009.541228055954,-4879.123709619045,-4856.616503477097,-5032.579588919878,-787.5901131331921,-2057.6879627406597,-2083.9319891929626,-2078.8912071585655,-1998.5780205130577,-4847.169982075691,-4784.726386129856,-2186.744559556246,-7791.620276808739,-2012.0016505718231,-5030.739231169224,-2092.38381254673,-8014.284925162792,-4849.968564152718,-7812.969907462597,-1911.4550549387932,-5032.579588919878,-925.6357954144478,-7737.942640066147,-5000.148368597031,1912.608702373513,1996.869112613936,710.1642260442782,14085.26905755884,2221.412584169797,1902.387119236443,2164.900028214101,2008.337772677961,1848.468835577524,668.3553377855502,1834.598467396566,2208.17715558706,2102.902081627314,7945.147887991734,850.6984810287232,747.1650028989214,677.5981561728071,685.9999674248702,700.9317373165524,525.9220183063231,941.3169323969564,885.4037346411429,723.1235908093245,875.4644084343505,693.4723474913028,756.9099067140693,738.8872689635999,2121.298432156747,2035.64195239276,2149.850484775372,2136.02487997492,1954.469810860897,1889.677323467931,1871.555169781903,2246.46033661382,837.0778423119269];
PriorityAcq = [0,0,0,1,1,1,0,1,0,1,0,1,1,1,0,0,0,0,0,0,0,0,0,0,0,0,0,0,0,1,1,0,1,0,0,1,0,1,1,1,1,0,1,1,0,0,0,1,1,1,1,0,0,0,0,0,1,1,0,1,0,0,1,1,1,1,0,1,1,1,1,1,1,1,1,0,1,1,1,1,0,1,1,0,1,1,0,1,1,0,1,1,1,0,1,0,1];
UserAcq = [0,1,1,0,0,2,2,1,1,1,0,1,1,2,0,0,2,2,0,0,1,2,0,0,1,1,1,1,2,0,0,1,2,2,0,0,1,0,0,0,2,2,0,1,0,1,0,2,1,1,0,1,2,2,0,1,1,0,1,1,2,2,2,0,0,2,0,1,1,1,0,0,1,2,2,0,1,1,0,0,1,2,1,2,0,2,2,2,0,2,2,0,0,0,1,1,2];
IdxAcq = [0,2,3,6,8,9,10,12,13,14,15,16,22,24,26,29,30,32,33,34,36,37,38,39,41,42,43,44,46,49,50,51,52,53,55,56,57,58,60,61,62,63,64,67,71,72,73,74,76,78,80,81,83,84,85,87,89,90,92,96,97,6,8,14,21,48,54,60,62,69,73,76,87,94,95,107,109,110,113,116,119,121,122,126,127,128,131,132,133,134,142,148,157,164,172,176,186];
OrAcq = [REC,REC,REC,REC,REC,REC,REC,REC,REC,REC,REC,REC,REC,REC,REC,REC,REC,REC,REC,REC,REC,REC,REC,REC,REC,REC,REC,REC,REC,REC,REC,REC,REC,REC,REC,REC,REC,REC,REC,REC,REC,REC,REC,REC,REC,REC,REC,REC,REC,REC,REC,REC,REC,REC,REC,REC,REC,REC,REC,REC,REC,CAND,CAND,CAND,CAND,CAND,CAND,CAND,CAND,CAND,CAND,CAND,CAND,CAND,CAND,CAND,CAND,CAND,CAND,CAND,CAND,CAND,CAND,CAND,CAND,CAND,CAND,CAND,CAND,CAND,CAND,CAND,CAND,CAND,CAND,CAND,CAND];
NW =6;
IdxWindows= [0,2,3,7,8,9];
StartTimeWindows= [1651.1867406070232,2705.0145874023438,8565.222198665142,13027.343212008476,529.0901320278645,2121.0636280477047];
EndTimeWindows= [2239.368815690279,3256.015537440777,9011.895486623049,13423.839053869247,1008.9964098036289,2560.765302300453];
OutputFile = "DownloadPlan_SAT1.txt";