REC 85 0 1651 1659
REC 87 0 1659 1663
REC 89 0 1663 1667
REC 90 0 1667 1671
REC 92 0 1671 1686
REC 96 0 1686 1694
REC 97 0 1694 1702
CAND 6 0 1913 1917
CAND 8 0 1997 2005
CAND 14 0 1702 1710
CAND 54 0 1903 1911
CAND 62 0 2009 2017
CAND 69 0 1849 1853
CAND 73 0 1710 1718
CAND 76 0 1835 1839
CAND 94 0 2103 2107
CAND 107 0 1718 1733
CAND 109 0 1733 1737
CAND 110 0 1737 1745
CAND 113 0 1745 1753
CAND 116 0 1753 1757
CAND 119 0 1757 1761
CAND 121 0 1761 1769
CAND 122 0 1769 1777
CAND 126 0 1777 1792
CAND 127 0 1792 1807
CAND 128 0 1807 1822
CAND 131 0 1853 1868
CAND 132 0 1822 1826
CAND 134 0 2036 2051
CAND 157 0 1955 1959
CAND 164 0 1890 1898
CAND 172 0 1872 1887
CAND 186 0 1826 1830
CAND 95 3 8565 8569
REC 0 8 529 544
REC 2 8 544 559
REC 3 8 559 574
REC 6 8 574 589
REC 8 8 589 597
REC 9 8 597 612
REC 10 8 612 620
REC 12 8 620 624
REC 13 8 624 639
REC 14 8 639 643
REC 15 8 643 651
REC 16 8 651 655
REC 22 8 655 659
REC 24 8 659 663
REC 26 8 663 671
REC 29 8 671 679
REC 30 8 679 694
REC 32 8 694 709
REC 33 8 709 717
REC 34 8 717 721
REC 36 8 721 729
REC 37 8 729 733
REC 38 8 733 741
REC 39 8 741 749
REC 41 8 749 764
REC 42 8 764 768
REC 43 8 768 783
REC 44 8 783 791
REC 46 8 791 799
REC 49 8 799 814
REC 50 8 814 829
REC 51 8 829 837
REC 52 8 837 852
REC 53 8 852 867
REC 55 8 867 871
REC 56 8 871 875
REC 57 8 875 883
REC 58 8 883 887
REC 60 8 887 891
REC 61 8 891 895
REC 62 8 895 910
REC 63 8 910 914
REC 64 8 914 929
REC 67 8 929 933
REC 71 8 933 941
REC 72 8 941 956
REC 73 8 956 960
REC 74 8 960 975
REC 76 8 975 979
REC 78 8 979 983
REC 80 8 983 991
REC 81 8 991 995
REC 83 8 995 999
REC 84 8 999 1007
CAND 48 9 2222 2237
CAND 60 9 2165 2169
CAND 87 9 2209 2213
CAND 133 9 2122 2137
CAND 142 9 2150 2158
CAND 148 9 2137 2145
CAND 176 9 2247 2255
