CAND 12 1 5042 5046
CAND 13 1 4948 4963
CAND 27 1 5061 5076
CAND 28 1 5076 5080
CAND 31 1 5046 5061
CAND 42 1 5080 5088
CAND 58 1 4963 4967
CAND 77 1 5096 5104
CAND 80 1 4636 4644
CAND 82 1 4644 4659
CAND 83 1 4659 4667
CAND 85 1 4667 4682
CAND 86 1 4682 4697
CAND 96 1 4909 4913
CAND 108 1 4697 4712
CAND 115 1 4712 4716
CAND 129 1 4716 4731
CAND 130 1 4731 4735
CAND 137 1 5004 5019
CAND 143 1 4879 4894
CAND 146 1 4836 4844
CAND 149 1 4931 4946
CAND 152 1 5019 5034
CAND 158 1 5129 5133
CAND 168 1 5034 5038
CAND 171 1 4980 4984
CAND 173 1 4851 4866
CAND 174 1 4984 4999
CAND 175 1 4813 4821
CAND 177 1 5088 5092
REC 1 4 0 15
REC 4 4 15 23
REC 5 4 23 27
REC 7 4 27 35
REC 11 4 35 39
REC 17 4 39 54
REC 18 4 54 58
REC 19 4 58 62
REC 20 4 62 66
REC 21 4 66 70
REC 23 4 70 78
REC 25 4 78 82
REC 27 4 82 90
REC 28 4 90 105
REC 31 4 105 109
REC 35 4 109 113
REC 40 4 113 121
REC 45 4 121 125
REC 47 4 125 133
REC 48 4 133 148
REC 54 4 148 156
REC 59 4 156 160
REC 65 4 160 164
REC 66 4 164 172
REC 68 4 172 180
REC 69 4 180 184
REC 70 4 184 192
REC 75 4 192 200
REC 77 4 200 215
REC 79 4 215 230
REC 82 4 230 238
REC 86 4 238 253
REC 88 4 253 257
REC 91 4 257 265
REC 93 4 265 280
REC 94 4 280 284
REC 95 4 284 292
REC 98 4 292 296
REC 99 4 296 304
